MoYear  Carsales
197501	2640255
197502	2648909
197503	2662399
197504	2674980
197505	2687314
197506	2702950
197507	2711656
197508	2719059
197509	2734796
197510	2748073
197511	2754011
197512	2760264
197601	2761392
197602	2769161
197603	2782744
197604	2802712
197605	2820744
197606	2837421
197607	2846127
197608	2851100
197609	2863181
197610	2874660
197611	2877550
197612	2881311
197701	2875011
197702	2878163
197703	2880607
197704	2891459
197705	2901294
197706	2903934
197707	2897946
197708	2888794
197709	2887133
197710	2884138
197711	2871440
197712	2857141
197801	2844876
197802	2842463
197803	2851062
197804	2873433
197805	2882580
197806	2891778
197807	2894187
197808	2891218
197809	2892947
197810	2888032
197811	2859810
197812	2856177
197901	2847099
197902	2847925
197903	2860364
197904	2875510
197905	2889180
197906	2903989
197907	2901070
197908	2899198
197909	2899445
197910	2889822
197911	2875286
197912	2868302
198001	2853561
198002	2853766
198003	2867243
198004	2890019
198005	2907292
198006	2917182
198007	2919258
198008	2924390
198009	2917315
198010	2901188
198011	2893791
198012	2882956
198101	2875760
198102	2878205
198103	2886930
198104	2912196
198105	2928915
198106	2939050
198107	2939068
198108	2939433
198109	2932697
198110	2923379
198111	2905828
198112	2893242
198201	2886804
198202	2889867
198203	2906842
198204	2938241
198205	2958083
198206	2972915
198207	2977044
198208	2977083
198209	2974085
198210	2969151
198211	2944566
198212	2935988
198301	2928899
198302	2932105
198303	2956800
198304	2986044
198305	3006778
198306	3023917
198307	3027907
198308	3029329
198309	3028908
198310	3021802
198311	3008871
198312	3006761
198401	3000709
198402	3004462
198403	3026184
198404	3056330
198405	3081317
198406	3098119
198407	3100135
198408	3102657
198409	3105727
198410	3094032
198411	3084572
198412	3080981
198501	3071646
198502	3074358
198503	3091112
198504	3133545
198505	3160355
198506	3178534
198507	3178940
198508	3183226
198509	3181097
198510	3172104
198511	3159690
198512	3151195
198601	3141939
198602	3147521
198603	3171208
198604	3209951
198605	3239503
198606	3258247
198607	3264575
198608	3271657
198609	3269956
198610	3268066
198611	3260740
198612	3253601
198701	3243261
198702	3249066
198703	3269663
198704	3315480
198705	3344032
198706	3368929
198707	3377104
198708	3383378
198709	3383984
198710	3385160
198711	3374796
198712	3366571
198801	3363826
198802	3369692
198803	3397306
198804	3440169
198805	3467828
198806	3488814
198807	3497031
198808	3504035
198809	3506810
198810	3503374
198811	3489672
198812	3482656
198901	3479119
198902	3487716
198903	3516252
198904	3553171
198905	3573492
198906	3594253
198907	3595205
198908	3601429
198909	3605467
198910	3597342
198911	3586489
198912	3578042
199001	3570268
199002	3576833
199003	3599131
199004	3626814
199005	3647738
199006	3665827
199007	3664056
199008	3664447
199009	3659355
199010	3637024
199011	3613311
199012	3600518
199101	3584051
199102	3591006
199103	3602294
199104	3631231
199105	3650920
199106	3664459
199107	3665124
199108	3666514
199109	3657653
199110	3643118
199111	3629734
199112	3621114
199201	3605200
199202	3602474
199203	3612271
199204	3633991
199205	3652197
199206	3659537
199207	3660086
199208	3656900
199209	3641654
199210	3623273
199211	3601642
199212	3588644
199301	3579140
199302	3576333
199303	3582852
199304	3604778
199305	3620478
199306	3626946
199307	3628378
199308	3624493
199309	3613112
199310	3598142
199311	3577303
199312	3566040
199401	3559792
199402	3558293
199403	3571965
199404	3599311
199405	3614755
199406	3625748
199407	3630078
199408	3629426
199409	3624057
199410	3613816
199411	3600099
199412	3594199
199501	3587559
199502	3589519
199503	3603810
199504	3626459
199505	3643268
199506	3656810
199507	3659153
199508	3659879
199509	3658636
199510	3649175
199511	3636290
199512	3630760
199601	3621916
199602	3623724
199603	3634297
199604	3655449
199605	3672669
199606	3685722
199607	3689174
199608	3692953
199609	3690117
199610	3674881
199611	3663767
199612	3654920
199701	3645529
199702	3646875
199703	3664076
199704	3685472
199705	3705390
199706	3719205
199707	3726103
199708	3731489
199709	3726902
199710	3721371
199711	3713519
199712	3702778
199801	3699862
199802	3703066
199803	3716385
199804	3744926
199805	3772190
199806	3789823
199807	3801023
199808	3808038
199809	3809489
199810	3809221
199811	3796459
199812	3792056
199901	3790848
199902	3794653
199903	3813753
199904	3836243
199905	3865435
199906	3889018
199907	3903164
199908	3907530
199909	3909142
199910	3909797
199911	3894038
199912	3889902
200001	3881898
200002	3886418
200003	3905678
200004	3940755
200005	3974817
200006	3996554
200007	4008140
200008	4017545
200009	4023148
200010	4014768
200011	4003381
200012	3999268
200101	3979451
200102	3977861
200103	3989409
200104	4015710
200105	4043195
200106	4064432
200107	4066416
200108	4069940
200109	4066816
200110	4045363
200111	4025611
200112	4018533
200201	4001285
200202	4002100
200203	4018988
200204	4044292
200205	4070752
200206	4088378
200207	4094079
200208	4102463
200209	4099683
200210	4076479
200211	4057343
200212	4044928
200301	4032363
200302	4031323
200303	4046717
200304	4074418
200305	4103131
200306	4119404
200307	4128159
200308	4136684
200309	4131880
200310	4110580
200311	4093856
200312	4077973
200401	4065919
200402	4065292
200403	4078304
200404	4114364
200405	4144593
200406	4161752
200407	4172697
200408	4177187
200409	4174889
200410	4159816
200411	4128313
200412	4116308
200501	4103138
200502	4103366
200503	4117119
200504	4156578
200505	4184958
200506	4207174
200507	4220528
200508	4223855
200509	4220730
200510	4194680
200511	4169233
200512	4156674
200601	4141488
200602	4141616
200603	4153865
200604	4197629
200605	4234474
200606	4259036
200607	4271450
200608	4276966
200609	4278785
200610	4245174
200611	4216927
200612	4207461
200701	4194750
200702	4195811
200703	4220723
200704	4261395
200705	4293023
200706	4312472
200707	4323169
200708	4328036
200709	4328136
200710	4292577
200711	4265343
200712	4263530
200801	4246211
200802	4251785
200803	4268648
200804	4310040
200805	4349223
200806	4366523
200807	4377773
200808	4383564
200809	4368242
200810	4333014
200811	4305523
200812	4284803
200901	4270031
200902	4268014
200903	4275796
200904	4396213
200905	4360501
200906	4382386
200907	4396728
200908	4397435
200909	4384631
200910	4354202
200911	4322332
200912	4308269
201001	4291161
201002	4285643
201003	4298212
201004	4347560
201005	4388563
201006	4417452
201007	4434355
201008	4437588
201009	4427032
201010	4398600
201011	4356652
201012	4342782
201101	4330356
201102	4332638
201103	4353620
201104	4420334
201105	4462012
201106	4489615
201107	4507617
201108	4511271
201109	4501114
201110	4454822
201111	4424576
201112	4408749
201201	4395678
201202	4395254
201203	4431990
201204	4480215
201205	4522510
201206	4552498
201207	4566291
201208	4571251
201209	4561157
201210	4499270
201211	4469165
201212	4457145
201301	4435778
201302	4435948
201303	4456787
201304	4512950
201305	4568958
201306	4600617
201307	4614347
201308	4622422
201309	4596875
201310	4544742
201311	4518106
201312	4502320
201401	4487658
201402	4492604
201403	4527600
201404	4593244
201405	4643074
201406	4671618
201407	4690525
201408	4700421
201409	4674708
201410	4626175
201411	4602285
201412	4582559
201501	4569075
201502	4573825
201503	4608734
201504	4675537
201505	4726773
201506	4760071
201507	4782709
201508	4788879
201509	4769497
201510	4727288
201511	4686286
201512	4678271
201601	4666338
201602	4669843
201603	4708716
201604	4773850
201605	4833620
201606	4869877
201607	4893246
201608	4894993
201609	4880156
201610	4820046
201611	4780262
201612	4776744
201701	4765285
201702	4770808
201703	4807332
201704	4871446
201705	4931180
201706	4967579
201707	4987602
201708	4990454
201709	4974143
201710	4903167
201711	4864359
201712	4855007
201801	4836786
201802	4838407
201803	4861025
201804	4933686
201805	4998653
201806	5048957
201807	5051966
201808	5045758
201809	5020230
201810	4936148
201811	4896212
201812	4880568
201901	4859202
201902	4859485
201903	4887024
201904	4963698
201905	5012139
201906	5045794
201907	5057654
201908	5057907
201909	5010246
201910	4941058
201911	4907783
201912	4901240
202001	4882544
202002	4886778
202003	4904526
202004	4959319
202005	5006958
202006	5053994
202007	5085002
202008	5084820
202009	5056877
202010	5004375
202011	4957223
202012	4951235
202101	4936954
202102	4936149
202103	4983662
202104	5039080
202105	5092806
202106	5142452
202107	5160879
202108	5148675
202109	5112722
202110	5060218
202111	5006910
202112	4993688
202201	4977248
202202	4979236
202203	5004644
202204	5067324
202205	5121452
202206	5154289
202207	5171369
202208	5152346
202209	5105608
202210	5036824
202211	4997467
202212	4989250
202301	4967697
202302	4967500
202303	4988607
202304	5057810
202305	5121580
202306	5159872
202307	5168248
202308	5150295
202309	5122994
202310	5035734
202311	4993173
202312	4984088
202401	4963333
202402	4963258
